word	frq	zipf	num_letters	Lev_N	
casa	1349.157424	6.130063	4	1.000000	
vida	1101.318898	6.041913	4	1.000000	
cosa	627.889447	5.797883	4	1.000000	
hora	469.352598	5.671499	4	1.000000	
idea	441.891122	5.645315	4	1.450000	
mamá	550.429234	5.740701	4	1.550000	
hija	272.167785	5.434837	4	1.350000	
cara	269.742425	5.430949	4	1.000000	
cama	177.773284	5.249866	4	1.000000	
niña	157.951044	5.198523	4	1.200000	
ropa	143.630178	5.157246	4	1.000000	
boca	135.271116	5.131205	4	1.000000	
nave	130.882987	5.116883	4	1.300000	
pena	129.196907	5.111252	4	1.000000	
mesa	110.583024	5.043688	4	1.000000	
edad	111.700592	5.048055	4	1.650000	
caja	106.504009	5.027366	4	1.000000	
boda	90.397629	4.956157	4	1.000000	
sala	92.498743	4.966136	4	1.000000	
obra	69.840431	4.844107	4	1.200000	
luna	84.485543	4.926782	4	1.000000	
nena	82.023435	4.913938	4	1.000000	
zona	78.534548	4.895061	4	1.100000	
isla	72.408459	4.859789	4	1.600000	
piel	62.743766	4.797571	4	1.500000	
dama	53.314692	4.726847	4	1.000000	
bala	49.233516	4.692261	4	1.000000	
taza	30.937394	4.490484	4	1.000000	
bola	32.839637	4.516398	4	1.000000	
moda	27.822470	4.444396	4	1.000000	
ruta	28.922745	4.461240	4	1.000000	
sopa	30.258639	4.480849	4	1.000000	
fila	27.072381	4.432526	4	1.000000	
miel	27.534972	4.439885	4	1.300000	
roca	24.744295	4.393475	4	1.000000	
flor	25.289028	4.402932	4	1.550000	
caza	26.646538	4.425641	4	1.000000	
mina	24.398432	4.387362	4	1.000000	
cima	18.015109	4.255637	4	1.050000	
gira	30.697451	4.487102	4	1.000000	
cruz	26.964299	4.430789	4	1.750000	
risa	17.932967	4.253652	4	1.000000	
hoja	16.635982	4.221048	4	1.250000	
masa	16.363616	4.213879	4	1.000000	
lata	15.851307	4.200065	4	1.000000	
capa	16.363616	4.213879	4	1.000000	
fuga	14.776972	4.169585	4	1.150000	
fase	16.097734	4.206765	4	1.000000	
fama	15.077440	4.178328	4	1.000000	
vela	14.772649	4.169458	4	1.000000	
jefa	19.692542	4.294302	4	1.450000	
gota	13.562130	4.132328	4	1.000000	
rosa	36.942430	4.567525	4	1.000000	
goma	11.041658	4.043034	4	1.000000	
seda	11.404813	4.057088	4	1.000000	
nube	11.830656	4.073009	4	1.750000	
pila	10.118637	4.005122	4	1.000000	
loca	111.023999	5.045417	4	1.000000	
tela	8.944867	3.951574	4	1.000000	
cuna	8.255304	3.916733	4	1.000000	
leña	6.975613	3.843582	4	1.050000	
joya	7.280404	3.862155	4	1.050000	
rama	8.289890	3.918549	4	1.000000	
raíz	7.291212	3.862800	4	1.750000	
pipa	8.136413	3.910433	4	1.000000	
cera	6.139058	3.788102	4	1.000000	
bota	6.698923	3.826005	4	1.000000	
lana	24.411402	4.387593	4	1.000000	
grúa	5.149027	3.711725	4	1.900000	
noche	900.872171	5.954663	5	1.600000	
gente	861.984265	5.935499	5	1.200000	
mujer	588.294685	5.769595	5	1.900000	
madre	613.283244	5.787661	5	1.300000	
chica	391.163913	5.592359	5	1.300000	
clase	244.289113	5.387904	5	1.500000	
calle	163.035222	5.212281	5	1.000000	
novia	123.263205	5.090833	5	1.700000	
amiga	121.693854	5.085269	5	1.350000	
vista	115.046811	5.060875	5	1.200000	
carta	109.359536	5.038857	5	1.000000	
mitad	115.665040	5.063202	5	1.600000	
señal	97.051157	4.987001	5	1.550000	
línea	108.082006	5.033753	5	1.850000	
broma	89.893966	4.953731	5	1.200000	
tarde	454.037378	5.657092	5	1.250000	
prisa	98.639962	4.994053	5	1.300000	
llave	81.997495	4.913801	5	1.700000	
lista	199.188653	5.299265	5	1.050000	
pista	65.854367	4.818585	5	1.300000	
bolsa	65.949479	4.819211	5	1.650000	
banda	58.444264	4.766742	5	1.150000	
pared	54.179348	4.733834	5	1.550000	
nariz	53.124468	4.725295	5	1.900000	
silla	52.562441	4.720676	5	1.100000	
leche	53.223903	4.726107	5	1.450000	
reina	80.464892	4.905606	5	1.000000	
época	47.841419	4.679804	5	1.800000	
playa	49.235677	4.692280	5	1.400000	
salud	81.454923	4.910917	5	1.550000	
cinta	46.278554	4.665380	5	1.400000	
magia	42.307621	4.626419	5	1.250000	
tarea	34.564626	4.538632	5	1.200000	
nieve	35.381726	4.548779	5	1.600000	
costa	44.616252	4.649493	5	1.000000	
plata	33.578918	4.526067	5	1.250000	
arena	32.787757	4.515712	5	1.000000	
pieza	30.146233	4.479233	5	1.800000	
celda	28.276415	4.451424	5	1.400000	
regla	33.077417	4.519532	5	1.400000	
bruja	30.697451	4.487102	5	1.500000	
torre	34.849962	4.542202	5	1.400000	
deuda	23.879639	4.378028	5	1.700000	
ducha	24.625404	4.391383	5	1.250000	
salsa	22.442148	4.351064	5	1.150000	
frase	19.936807	4.299656	5	1.350000	
letra	21.244599	4.327249	5	1.600000	
crema	20.535581	4.312507	5	1.450000	
aldea	19.701188	4.294492	5	1.550000	
caída	19.188879	4.283050	5	1.400000	
tribu	17.221787	4.236078	5	1.900000	
prima	20.362650	4.308834	5	1.250000	
barra	17.379587	4.240039	5	1.000000	
cueva	16.635982	4.221048	5	1.500000	
rueda	18.708995	4.272050	5	1.500000	
jaula	15.955066	4.202899	5	1.700000	
barba	16.538709	4.218502	5	1.100000	
viuda	15.831852	4.199532	5	1.700000	
oreja	15.667568	4.195002	5	1.750000	
tarta	14.854791	4.171867	5	1.250000	
plaza	21.620725	4.334870	5	1.500000	
presa	14.800750	4.170284	5	1.250000	
selva	14.167389	4.151290	5	1.550000	
pluma	13.765324	4.138786	5	1.750000	
fruta	14.007428	4.146358	5	1.500000	
tabla	12.881214	4.109957	5	1.550000	
grasa	12.366743	4.092255	5	1.150000	
feria	11.930092	4.076644	5	1.450000	
lucha	51.591865	4.712581	5	1.000000	
verdad	1351.617370	6.130854	6	1.750000	
cabeza	383.295543	5.583534	6	1.850000	
maldad	11.880374	4.074830	6	1.900000	
suerte	324.401658	5.511083	6	1.650000	
semana	299.562251	5.476487	6	1.800000	
esposa	294.419709	5.468967	6	1.400000	
ciudad	305.461367	5.484956	6	2.000000	
señora	312.469404	5.494807	6	1.700000	
manera	282.102683	5.450407	6	1.100000	
sangre	250.728639	5.399204	6	1.600000	
fiesta	207.452603	5.316919	6	1.750000	
comida	200.273796	5.301624	6	1.600000	
tierra	256.459147	5.409018	6	1.700000	
música	137.958035	5.139747	6	1.800000	
tienda	100.918331	5.003970	6	1.600000	
cárcel	92.403631	4.965689	6	2.050000	
basura	93.263963	4.969714	6	1.650000	
locura	86.065702	4.934830	6	1.950000	
escena	82.667603	4.917335	6	1.900000	
abuela	86.735810	4.938198	6	1.800000	
salida	73.599523	4.866875	6	1.250000	
trampa	57.841167	4.762237	6	1.650000	
pareja	57.367767	4.758668	6	1.800000	
pierna	54.414967	4.735718	6	1.650000	
prensa	53.018547	4.724428	6	1.450000	
imagen	51.689139	4.713399	6	2.000000	
mirada	43.234964	4.635835	6	1.150000	
piedra	48.105139	4.682191	6	1.850000	
lengua	43.952629	4.642985	6	1.800000	
oferta	43.922366	4.642686	6	1.600000	
fuente	43.163630	4.635118	6	1.700000	
unidad	52.160376	4.717341	6	1.850000	
teoría	40.932817	4.612072	6	1.900000	
gracia	42.960436	4.633069	6	1.650000	
camisa	39.136495	4.592582	6	1.750000	
lluvia	39.454256	4.596094	6	1.850000	
cadena	33.524877	4.525367	6	1.650000	
granja	33.699970	4.527630	6	1.700000	
madera	31.168689	4.493719	6	1.450000	
bebida	31.583724	4.499463	6	1.800000	
muñeca	27.971623	4.446718	6	1.800000	
sombra	29.346426	4.467555	6	1.500000	
página	28.276415	4.451424	6	1.800000	
altura	26.713549	4.426732	6	1.800000	
maleta	26.212048	4.418501	6	1.150000	
alarma	27.681963	4.442197	6	1.550000	
cuerda	27.913259	4.445811	6	1.500000	
hierba	25.669477	4.409417	6	1.750000	
charla	25.444666	4.405597	6	1.200000	
gloria	39.897392	4.600945	6	1.700000	
parada	27.833278	4.444564	6	1.000000	
moneda	19.889251	4.298618	6	1.700000	
piedad	21.404561	4.330506	6	2.000000	
actriz	19.405043	4.287915	6	2.650000	
cabina	18.376103	4.264253	6	1.500000	
colina	18.596590	4.269433	6	1.250000	
novela	16.421980	4.215426	6	1.650000	
rutina	16.415495	4.215254	6	1.700000	
poesía	15.622173	4.193741	6	1.900000	
agenda	14.422463	4.159039	6	1.600000	
jugada	14.104702	4.149364	6	1.550000	
fianza	14.052822	4.147764	6	1.850000	
huella	13.534029	4.131427	6	1.650000	
corona	19.158616	4.282364	6	1.300000	
niebla	13.761001	4.138650	6	1.900000	
toalla	13.257339	4.122456	6	1.800000	
patada	13.039013	4.115245	6	1.000000	
medida	19.711996	4.294731	6	1.400000	
lógica	14.794265	4.170093	6	1.850000	
lupa	1.335894	3.125772	4	1.100000	
tipo	622.364295	5.794045	4	1.150000	
lado	360.215711	5.556563	4	1.000000	
niño	272.401243	5.435209	4	1.150000	
país	172.196253	5.236024	4	1.750000	
plan	161.277808	5.207575	4	1.000000	
baño	123.695533	5.092354	4	1.000000	
modo	140.495800	5.147663	4	1.000000	
tren	108.635386	5.035971	4	1.100000	
pelo	112.915434	5.052753	4	1.000000	
rato	85.335067	4.931128	4	1.000000	
voto	21.348358	4.329364	4	1.000000	
club	85.724163	4.933103	4	1.900000	
frío	85.596626	4.932457	4	1.550000	
cine	61.046879	4.785663	4	1.100000	
taxi	58.852814	4.769767	4	1.750000	
dedo	43.859678	4.642065	4	1.050000	
dios	1198.004738	6.078459	4	1.100000	
bote	42.398410	4.627350	4	1.000000	
hijo	674.092343	5.828719	4	1.300000	
odio	141.235081	5.149943	4	1.050000	
olor	37.720620	4.576579	4	1.750000	
loco	267.178720	5.426802	4	1.000000	
lago	37.517426	4.574233	4	1.000000	
vaso	31.596694	4.499642	4	1.000000	
humo	28.974624	4.462018	4	1.100000	
tono	21.261892	4.327602	4	1.000000	
saco	30.431570	4.483324	4	1.000000	
rayo	22.701545	4.356055	4	1.000000	
muro	20.823079	4.318545	4	1.000000	
palo	19.928160	4.299467	4	1.000000	
pozo	18.421497	4.265325	4	1.100000	
hoyo	16.945097	4.229044	4	1.200000	
lujo	16.558163	4.219012	4	1.250000	
pico	18.533902	4.267967	4	1.000000	
oído	168.504171	5.226611	4	1.600000	
tubo	16.188523	4.209207	4	1.150000	
nene	17.587104	4.245194	4	1.250000	
mago	20.127031	4.303780	4	1.000000	
maíz	14.093894	4.149031	4	1.900000	
cabo	50.597511	4.704129	4	1.000000	
tomo	37.900036	4.578640	4	1.000000	
nido	11.981971	4.078528	4	1.050000	
giro	12.889860	4.110248	4	1.100000	
coro	11.437238	4.058321	4	1.000000	
test	10.838464	4.034968	4	1.250000	
cubo	11.337802	4.054529	4	1.100000	
hilo	10.375873	4.016025	4	1.000000	
reto	11.776615	4.071020	4	1.000000	
menú	9.154546	3.961637	4	1.700000	
baúl	8.298536	3.919001	4	1.750000	
mito	8.901634	3.949470	4	1.000000	
puño	9.908958	3.996028	4	1.300000	
clan	10.821170	4.034274	4	1.200000	
bate	8.644399	3.936735	4	1.000000	
lazo	7.459820	3.872728	4	1.000000	
yate	7.273919	3.861768	4	1.300000	
kilo	7.044785	3.847868	4	1.300000	
velo	6.742156	3.828799	4	1.000000	
vago	9.522025	3.978729	4	1.000000	
coco	10.036495	4.001582	4	1.000000	
luto	5.596486	3.747915	4	1.200000	
lodo	5.564062	3.745392	4	1.000000	
faro	5.931541	3.773168	4	1.000000	
amor	426.763964	5.630188	4	1.550000	
nudo	5.613779	3.749255	4	1.200000	
mozo	6.562739	3.817085	4	1.000000	
padre	819.270256	5.913427	5	1.400000	
mundo	698.352430	5.844075	5	1.550000	
amigo	649.758760	5.812752	5	1.600000	
señor	1303.827830	6.115220	5	1.850000	
chico	334.189564	5.523993	5	1.300000	
miedo	299.369865	5.476208	5	1.750000	
coche	216.989759	5.336439	5	1.150000	
juego	215.161012	5.332764	5	1.650000	
sitio	159.970016	5.204039	5	1.450000	
poder	284.063291	5.453415	5	1.400000	
libro	160.285616	5.204895	5	1.400000	
punto	231.736468	5.364994	5	1.300000	
viaje	148.046409	5.170398	5	1.650000	
fuego	180.946572	5.257550	5	1.600000	
cielo	158.878388	5.201065	5	1.600000	
sueño	135.281924	5.131240	5	1.500000	
error	128.070693	5.107450	5	1.750000	
campo	125.303793	5.097964	5	1.100000	
dolor	122.528247	5.088236	5	1.650000	
grupo	125.416199	5.098354	5	1.700000	
barco	115.699626	5.063332	5	1.150000	
avión	113.267781	5.054106	5	1.800000	
hotel	117.351119	5.069487	5	1.950000	
honor	99.342495	4.997135	5	1.800000	
novio	93.296388	4.969865	5	1.850000	
papel	93.283418	4.969804	5	1.500000	
suelo	94.753333	4.976594	5	1.150000	
banco	83.767878	4.923078	5	1.300000	
baile	76.364261	4.882890	5	1.500000	
fondo	71.524349	4.854454	5	1.350000	
hueso	21.357004	4.329540	5	1.550000	
éxito	69.129251	4.839662	5	1.950000	
huevo	21.274862	4.327867	5	1.500000	
brazo	67.157836	4.827097	5	1.500000	
valor	68.690438	4.836896	5	1.500000	
color	66.537445	4.823066	5	1.500000	
vuelo	72.233367	4.858738	5	1.350000	
nivel	67.298342	4.828004	5	1.600000	
calor	63.787839	4.804738	5	1.700000	
golpe	63.288500	4.801325	5	1.400000	
norte	84.639019	4.927571	5	1.400000	
reloj	58.329697	4.765890	5	1.950000	
ruido	55.839488	4.746941	5	1.600000	
hielo	57.158088	4.757078	5	1.500000	
turno	49.903624	4.698132	5	1.450000	
humor	45.333917	4.656423	5	1.800000	
dueño	43.005830	4.633527	5	1.650000	
viejo	295.491882	5.470546	5	1.800000	
techo	40.941464	4.612163	5	1.250000	
pecho	40.989020	4.612668	5	1.200000	
polvo	42.372470	4.627084	5	1.700000	
video	39.017604	4.591261	5	1.650000	
carro	37.290454	4.571598	5	1.000000	
truco	36.959723	4.567729	5	1.600000	
primo	41.127365	4.614131	5	1.500000	
queso	36.613861	4.563646	5	1.350000	
motor	33.246025	4.521740	5	1.750000	
ritmo	29.925746	4.476045	5	1.750000	
salón	33.096872	4.519787	5	1.250000	
actor	29.674996	4.472391	5	1.650000	
bolso	28.576883	4.456015	5	1.650000	
reino	35.169885	4.546171	5	1.350000	
plato	26.936198	4.430336	5	1.100000	
grado	27.106967	4.433081	5	1.100000	
piano	24.878316	4.395821	5	1.600000	
patio	23.609433	4.373086	5	1.350000	
cable	25.301998	4.403155	5	1.300000	
botón	22.805303	4.358036	5	1.500000	
rumbo	23.665636	4.374118	5	1.450000	
túnel	22.057376	4.343554	5	1.900000	
tiempo	1287.689025	6.109811	6	1.900000	
hombre	1138.548826	6.056352	6	1.650000	
dinero	727.422167	5.861787	6	1.900000	
nombre	537.692851	5.730534	6	1.600000	
camino	324.416789	5.511103	6	1.450000	
equipo	229.388927	5.360572	6	1.700000	
cuerpo	218.598020	5.339646	6	1.750000	
número	222.102038	5.346553	6	1.850000	
pueblo	179.545829	5.254175	6	1.850000	
minuto	163.359468	5.213144	6	1.700000	
marido	153.625602	5.186464	6	1.600000	
cuarto	175.116629	5.243327	6	1.650000	
asunto	139.890541	5.145788	6	1.650000	
futuro	133.144062	5.124322	6	1.800000	
estado	624.752907	5.795708	6	1.150000	
ataque	100.127171	5.000552	6	1.650000	
montón	81.489510	4.911102	6	1.550000	
crimen	82.661119	4.917301	6	1.750000	
pasado	386.831986	5.587522	6	1.000000	
precio	69.630752	4.842801	6	1.450000	
abuelo	80.296284	4.904695	6	1.800000	
juicio	70.504054	4.848214	6	1.850000	
cuello	63.649494	4.803795	6	1.750000	
anillo	69.062240	4.839241	6	1.750000	
estilo	62.108244	4.793149	6	1.500000	
verano	59.693692	4.775928	6	1.750000	
camión	57.929794	4.762902	6	1.800000	
motivo	54.903498	4.739600	6	1.600000	
bosque	57.702822	4.761197	6	1.800000	
puente	60.093596	4.778828	6	1.550000	
viento	55.069944	4.740915	6	1.450000	
código	59.546701	4.774858	6	2.150000	
riesgo	49.108140	4.691153	6	1.900000	
seguro	680.283280	5.832690	6	1.800000	
sonido	47.432869	4.676079	6	1.800000	
delito	19.281830	4.285148	6	1.600000	
efecto	42.863162	4.632084	6	1.600000	
jardín	43.900749	4.642472	6	1.950000	
pastel	41.609411	4.619192	6	1.700000	
teatro	43.561372	4.639102	6	1.900000	
parque	43.634868	4.639834	6	1.400000	
pedazo	39.242415	4.593756	6	1.850000	
empleo	38.689035	4.587588	6	1.750000	
tamaño	37.184534	4.570362	6	1.750000	
rostro	37.095906	4.569326	6	1.750000	
examen	36.242058	4.559213	6	1.950000	
correo	36.860287	4.566559	6	1.300000	
tesoro	40.995505	4.612736	6	1.900000	
barrio	35.831347	4.554263	6	1.600000	
abrigo	34.396018	4.536508	6	1.650000	
ladrón	39.445609	4.595999	6	1.750000	
premio	37.813571	4.577648	6	1.400000	
jurado	40.679906	4.609380	6	1.600000	
cheque	32.725070	4.514881	6	1.650000	
espejo	31.259478	4.494982	6	1.650000	
diario	45.757598	4.660463	6	1.800000	
sótano	28.505548	4.454929	6	1.950000	
cuento	47.469617	4.676416	6	1.500000	
helado	34.947236	4.543413	6	1.500000	
rastro	25.598142	4.408208	6	1.450000	
chiste	24.915064	4.396462	6	1.650000	
pánico	25.100965	4.399690	6	1.900000	
título	24.428695	4.387900	6	1.950000	
veneno	24.934519	4.396801	6	1.850000	
océano	25.479252	4.406187	6	2.000000	
objeto	22.589139	4.353900	6	1.650000	
hombro	22.124387	4.344871	6	1.750000	
tanque	22.448633	4.351190	6	1.800000	
cuadro	20.682573	4.315605	6	1.650000	
templo	25.448989	4.405671	6	1.650000	
límite	23.088478	4.363395	6	1.850000	
aceite	20.751745	4.317055	6	1.600000	
sepia	0.198871	2.298571	5	1.800000	
foca	2.347541	3.370613	4	1.000000	
rana	8.309345	3.919567	4	1.000000	
gata	4.515666	3.654722	4	1.000000	
rata	25.278220	4.402746	4	1.000000	
vaca	20.663118	4.315196	4	1.000000	
mula	5.983420	3.776949	4	1.000000	
loba	0.745766	2.872603	4	1.000000	
orca	0.536087	2.729235	4	1.150000	
pulga	1.301307	3.114380	5	1.600000	
cebra	2.031942	3.307911	5	1.500000	
ostra	1.327247	3.122952	5	1.400000	
cobra	9.193455	3.963479	5	1.150000	
cabra	13.021720	4.114668	5	1.000000	
hiena	1.232135	3.090658	5	1.650000	
morsa	1.247266	3.095959	5	1.400000	
oveja	6.407101	3.806662	5	1.800000	
yegua	3.830426	3.583247	5	1.850000	
araña	16.205816	4.209671	5	1.150000	
abeja	6.346575	3.802539	5	1.650000	
mosca	9.757644	3.989345	5	1.250000	
paloma	7.131251	3.853166	6	1.650000	
liebre	3.026296	3.480911	6	1.850000	
iguana	0.620391	2.792665	6	1.850000	
grulla	1.063527	3.026749	6	1.800000	
gacela	1.154316	3.062325	6	1.750000	
perdiz	0.661462	2.820505	6	1.850000	
nutria	0.797645	2.901810	6	1.650000	
jirafa	1.900082	3.278772	6	1.950000	
urraca	0.596613	2.775693	6	1.950000	
avispa	1.567189	3.195121	6	1.750000	
piraña	0.635522	2.803131	6	1.750000	
gamba	0.657139	2.817657	5	1.350000	
víbora	6.668660	3.824039	6	2.300000	
burra	0.745766	2.872603	5	1.250000	
sepia	0.198871	2.298571	5	1.800000	
foca	2.347541	3.370613	4	1.000000	
rana	8.309345	3.919567	4	1.000000	
gata	4.515666	3.654722	4	1.000000	
rata	25.278220	4.402746	4	1.000000	
vaca	20.663118	4.315196	4	1.000000	
mula	5.983420	3.776949	4	1.000000	
loba	0.745766	2.872603	4	1.000000	
orca	0.536087	2.729235	4	1.150000	
pulga	1.301307	3.114380	5	1.600000	
cebra	2.031942	3.307911	5	1.500000	
ostra	1.327247	3.122952	5	1.400000	
cobra	9.193455	3.963479	5	1.150000	
cabra	13.021720	4.114668	5	1.000000	
hiena	1.232135	3.090658	5	1.650000	
morsa	1.247266	3.095959	5	1.400000	
oveja	6.407101	3.806662	5	1.800000	
yegua	3.830426	3.583247	5	1.850000	
araña	16.205816	4.209671	5	1.150000	
abeja	6.346575	3.802539	5	1.650000	
mosca	9.757644	3.989345	5	1.250000	
paloma	7.131251	3.853166	6	1.650000	
liebre	3.026296	3.480911	6	1.850000	
iguana	0.620391	2.792665	6	1.850000	
grulla	1.063527	3.026749	6	1.800000	
gacela	1.154316	3.062325	6	1.750000	
perdiz	0.661462	2.820505	6	1.850000	
nutria	0.797645	2.901810	6	1.650000	
jirafa	1.900082	3.278772	6	1.950000	
urraca	0.596613	2.775693	6	1.950000	
avispa	1.567189	3.195121	6	1.750000	
piraña	0.635522	2.803131	6	1.750000	
gamba	0.657139	2.817657	5	1.350000	
víbora	6.668660	3.824039	6	2.300000	
burra	0.745766	2.872603	5	1.250000	
ganso	4.794518	3.680745	5	1.550000	
gato	54.970508	4.740130	4	1.000000	
mono	34.988307	4.543923	4	1.000000	
lobo	28.492579	4.454732	4	1.000000	
pavo	14.461372	4.160209	4	1.000000	
león	20.023273	4.301535	4	1.550000	
pato	13.856113	4.141641	4	1.000000	
toro	12.844466	4.108716	4	1.000000	
topo	4.762093	3.677798	4	1.000000	
loro	4.091985	3.611934	4	1.000000	
atún	5.639719	3.751257	4	1.850000	
perro	156.541655	5.194630	5	1.100000	
cerdo	48.677974	4.687332	5	1.300000	
pollo	40.684229	4.609426	5	1.200000	
piojo	0.564188	2.751424	5	1.900000	
tigre	17.038048	4.231420	5	1.750000	
lince	0.808453	2.907655	5	1.600000	
erizo	0.760897	2.881326	5	1.700000	
cisne	4.383806	3.641851	5	1.900000	
pulpo	2.682595	3.428555	5	1.650000	
mirlo	0.830070	2.919115	5	1.500000	
pájaro	30.954687	4.490726	6	1.850000	
coyote	3.298663	3.518338	6	1.850000	
conejo	19.655794	4.293491	6	1.650000	
gorila	5.276564	3.722351	6	1.900000	
narval	0.185901	2.269282	6	1.900000	
buitre	2.276207	3.357212	6	1.950000	
chacal	1.746605	3.242195	6	1.900000	
ratón	13.970680	4.145218	5	1.500000	
búho	2.920376	3.465439	4	1.950000	
koala	0.501501	2.700272	5	1.850000	
castor	3.955801	3.597234	6	1.600000	
gallo	6.960481	3.842639	5	1.100000	
ciervo	5.179290	3.714270	6	1.550000	
ganso	4.794518	3.680745	5	1.550000	
gato	54.970508	4.740130	4	1.000000	
mono	34.988307	4.543923	4	1.000000	
lobo	28.492579	4.454732	4	1.000000	
pavo	14.461372	4.160209	4	1.000000	
león	20.023273	4.301535	4	1.550000	
pato	13.856113	4.141641	4	1.000000	
toro	12.844466	4.108716	4	1.000000	
topo	4.762093	3.677798	4	1.000000	
loro	4.091985	3.611934	4	1.000000	
atún	5.639719	3.751257	4	1.850000	
perro	156.541655	5.194630	5	1.100000	
cerdo	48.677974	4.687332	5	1.300000	
pollo	40.684229	4.609426	5	1.200000	
piojo	0.564188	2.751424	5	1.900000	
tigre	17.038048	4.231420	5	1.750000	
lince	0.808453	2.907655	5	1.600000	
erizo	0.760897	2.881326	5	1.700000	
cisne	4.383806	3.641851	5	1.900000	
pulpo	2.682595	3.428555	5	1.650000	
mirlo	0.830070	2.919115	5	1.500000	
pájaro	30.954687	4.490726	6	1.850000	
coyote	3.298663	3.518338	6	1.850000	
conejo	19.655794	4.293491	6	1.650000	
gorila	5.276564	3.722351	6	1.900000	
narval	0.185901	2.269282	6	1.900000	
buitre	2.276207	3.357212	6	1.950000	
chacal	1.746605	3.242195	6	1.900000	
ratón	13.970680	4.145218	5	1.500000	
búho	2.920376	3.465439	4	1.950000	
koala	0.501501	2.700272	5	1.850000	
castor	3.955801	3.597234	6	1.600000	
gallo	6.960481	3.842639	5	1.100000	
ciervo	5.179290	3.714270	6	1.550000	
