word	frq	zipf	num_letters	Lev_N	
casa	1349.157424	6.130063	4	1.000000	
vida	1101.318898	6.041913	4	1.000000	
cosa	627.889447	5.797883	4	1.000000	
hijo	674.092343	5.828719	4	1.300000	
tipo	622.364295	5.794045	4	1.150000	
lado	360.215711	5.556563	4	1.000000	
hora	469.352598	5.671499	4	1.000000	
idea	441.891122	5.645315	4	1.450000	
mamá	550.429234	5.740701	4	1.550000	
niño	272.401243	5.435209	4	1.150000	
plan	161.277808	5.207575	4	1.000000	
hija	272.167785	5.434837	4	1.350000	
cama	177.773284	5.249866	4	1.000000	
baño	123.695533	5.092354	4	1.000000	
modo	140.495800	5.147663	4	1.000000	
ropa	143.630178	5.157246	4	1.000000	
boca	135.271116	5.131205	4	1.000000	
pelo	112.915434	5.052753	4	1.000000	
rato	85.335067	4.931128	4	1.000000	
voto	21.348358	4.329364	4	1.000000	
nave	130.882987	5.116883	4	1.300000	
pena	129.196907	5.111252	4	1.000000	
mesa	110.583024	5.043688	4	1.000000	
club	85.724163	4.933103	4	1.900000	
edad	111.700592	5.048055	4	1.650000	
caja	106.504009	5.027366	4	1.000000	
boda	90.397629	4.956157	4	1.000000	
gato	54.970508	4.740130	4	1.000000	
dedo	43.859678	4.642065	4	1.050000	
sala	92.498743	4.966136	4	1.000000	
obra	69.840431	4.844107	4	1.200000	
luna	84.485543	4.926782	4	1.000000	
dios	1198.004738	6.078459	4	1.100000	
nena	82.023435	4.913938	4	1.000000	
zona	78.534548	4.895061	4	1.100000	
isla	72.408459	4.859789	4	1.600000	
odio	141.235081	5.149943	4	1.050000	
olor	37.720620	4.576579	4	1.750000	
loco	267.178720	5.426802	4	1.000000	
piel	62.743766	4.797571	4	1.500000	
dama	53.314692	4.726847	4	1.000000	
bala	49.233516	4.692261	4	1.000000	
lago	37.517426	4.574233	4	1.000000	
vaso	31.596694	4.499642	4	1.000000	
humo	28.974624	4.462018	4	1.100000	
taza	30.937394	4.490484	4	1.000000	
bola	32.839637	4.516398	4	1.000000	
moda	27.822470	4.444396	4	1.000000	
mono	34.988307	4.543923	4	1.000000	
lobo	28.492579	4.454732	4	1.000000	
tono	21.261892	4.327602	4	1.000000	
ruta	28.922745	4.461240	4	1.000000	
sopa	30.258639	4.480849	4	1.000000	
saco	30.431570	4.483324	4	1.000000	
rayo	22.701545	4.356055	4	1.000000	
muro	20.823079	4.318545	4	1.000000	
miel	27.534972	4.439885	4	1.300000	
pata	24.845892	4.395255	4	1.000000	
palo	19.928160	4.299467	4	1.000000	
pozo	18.421497	4.265325	4	1.100000	
hoyo	16.945097	4.229044	4	1.200000	
flor	25.289028	4.402932	4	1.550000	
lujo	16.558163	4.219012	4	1.250000	
pico	18.533902	4.267967	4	1.000000	
oído	168.504171	5.226611	4	1.600000	
mina	24.398432	4.387362	4	1.000000	
vaca	20.663118	4.315196	4	1.000000	
tubo	16.188523	4.209207	4	1.150000	
nene	17.587104	4.245194	4	1.250000	
mago	20.127031	4.303780	4	1.000000	
cruz	26.964299	4.430789	4	1.750000	
pavo	14.461372	4.160209	4	1.000000	
león	20.023273	4.301535	4	1.550000	
hoja	16.635982	4.221048	4	1.250000	
cabo	50.597511	4.704129	4	1.000000	
tomo	37.900036	4.578640	4	1.000000	
pato	13.856113	4.141641	4	1.000000	
fuga	14.776972	4.169585	4	1.150000	
nido	11.981971	4.078528	4	1.050000	
giro	12.889860	4.110248	4	1.100000	
coro	11.437238	4.058321	4	1.000000	
fama	15.077440	4.178328	4	1.000000	
vela	14.772649	4.169458	4	1.000000	
jefa	19.692542	4.294302	4	1.450000	
cubo	11.337802	4.054529	4	1.100000	
hilo	10.375873	4.016025	4	1.000000	
rosa	36.942430	4.567525	4	1.000000	
goma	11.041658	4.043034	4	1.000000	
reto	11.776615	4.071020	4	1.000000	
toro	12.844466	4.108716	4	1.000000	
seda	11.404813	4.057088	4	1.000000	
raya	11.158386	4.047601	4	1.000000	
baúl	8.298536	3.919001	4	1.750000	
mito	8.901634	3.949470	4	1.000000	
puño	9.908958	3.996028	4	1.300000	
pila	10.118637	4.005122	4	1.000000	
loca	111.023999	5.045417	4	1.000000	
tela	8.944867	3.951574	4	1.000000	
bate	8.644399	3.936735	4	1.000000	
lazo	7.459820	3.872728	4	1.000000	
cuna	8.255304	3.916733	4	1.000000	
leña	6.975613	3.843582	4	1.050000	
rana	8.309345	3.919567	4	1.000000	
kilo	7.044785	3.847868	4	1.300000	
velo	6.742156	3.828799	4	1.000000	
joya	7.280404	3.862155	4	1.050000	
rama	8.289890	3.918549	4	1.000000	
raíz	7.291212	3.862800	4	1.750000	
luto	5.596486	3.747915	4	1.200000	
pipa	8.136413	3.910433	4	1.000000	
mula	5.983420	3.776949	4	1.000000	
cera	6.139058	3.788102	4	1.000000	
lodo	5.564062	3.745392	4	1.000000	
faro	5.931541	3.773168	4	1.000000	
amor	426.763964	5.630188	4	1.550000	
bota	6.698923	3.826005	4	1.000000	
lana	24.411402	4.387593	4	1.000000	
grúa	5.149027	3.711725	4	1.900000	
nudo	5.613779	3.749255	4	1.200000	
mozo	6.562739	3.817085	4	1.000000	
mundo	698.352430	5.844075	5	1.550000	
amigo	649.758760	5.812752	5	1.600000	
madre	613.283244	5.787661	5	1.300000	
chica	391.163913	5.592359	5	1.300000	
clase	244.289113	5.387904	5	1.500000	
señor	1303.827830	6.115220	5	1.850000	
chico	334.189564	5.523993	5	1.300000	
miedo	299.369865	5.476208	5	1.750000	
amiga	121.693854	5.085269	5	1.350000	
juego	215.161012	5.332764	5	1.650000	
sitio	159.970016	5.204039	5	1.450000	
vista	115.046811	5.060875	5	1.200000	
mitad	115.665040	5.063202	5	1.600000	
libro	160.285616	5.204895	5	1.400000	
perro	156.541655	5.194630	5	1.100000	
señal	97.051157	4.987001	5	1.550000	
broma	89.893966	4.953731	5	1.200000	
punto	231.736468	5.364994	5	1.300000	
fuego	180.946572	5.257550	5	1.600000	
prisa	98.639962	4.994053	5	1.300000	
cielo	158.878388	5.201065	5	1.600000	
sueño	135.281924	5.131240	5	1.500000	
error	128.070693	5.107450	5	1.750000	
lista	199.188653	5.299265	5	1.050000	
bomba	70.367871	4.847374	5	1.450000	
pista	65.854367	4.818585	5	1.300000	
campo	125.303793	5.097964	5	1.100000	
dolor	122.528247	5.088236	5	1.650000	
grupo	125.416199	5.098354	5	1.700000	
bolsa	65.949479	4.819211	5	1.650000	
banda	58.444264	4.766742	5	1.150000	
barco	115.699626	5.063332	5	1.150000	
avión	113.267781	5.054106	5	1.800000	
hotel	117.351119	5.069487	5	1.950000	
silla	52.562441	4.720676	5	1.100000	
honor	99.342495	4.997135	5	1.800000	
novio	93.296388	4.969865	5	1.850000	
reina	80.464892	4.905606	5	1.000000	
playa	49.235677	4.692280	5	1.400000	
suelo	94.753333	4.976594	5	1.150000	
banco	83.767878	4.923078	5	1.300000	
cinta	46.278554	4.665380	5	1.400000	
magia	42.307621	4.626419	5	1.250000	
fondo	71.524349	4.854454	5	1.350000	
hueso	21.357004	4.329540	5	1.550000	
éxito	69.129251	4.839662	5	1.950000	
tarea	34.564626	4.538632	5	1.200000	
costa	44.616252	4.649493	5	1.000000	
huevo	21.274862	4.327867	5	1.500000	
brazo	67.157836	4.827097	5	1.500000	
valor	68.690438	4.836896	5	1.500000	
plata	33.578918	4.526067	5	1.250000	
arena	32.787757	4.515712	5	1.000000	
pieza	30.146233	4.479233	5	1.800000	
color	66.537445	4.823066	5	1.500000	
vuelo	72.233367	4.858738	5	1.350000	
celda	28.276415	4.451424	5	1.400000	
regla	33.077417	4.519532	5	1.400000	
bruja	30.697451	4.487102	5	1.500000	
calor	63.787839	4.804738	5	1.700000	
torre	34.849962	4.542202	5	1.400000	
deuda	23.879639	4.378028	5	1.700000	
ducha	24.625404	4.391383	5	1.250000	
reloj	58.329697	4.765890	5	1.950000	
ruido	55.839488	4.746941	5	1.600000	
pasta	23.321935	4.367765	5	1.000000	
pizza	25.751619	4.410805	5	1.750000	
salsa	22.442148	4.351064	5	1.150000	
hielo	57.158088	4.757078	5	1.500000	
turno	49.903624	4.698132	5	1.450000	
humor	45.333917	4.656423	5	1.800000	
frase	19.936807	4.299656	5	1.350000	
letra	21.244599	4.327249	5	1.600000	
crema	20.535581	4.312507	5	1.450000	
cerdo	48.677974	4.687332	5	1.300000	
dueño	43.005830	4.633527	5	1.650000	
aldea	19.701188	4.294492	5	1.550000	
caída	19.188879	4.283050	5	1.400000	
tribu	17.221787	4.236078	5	1.900000	
techo	40.941464	4.612163	5	1.250000	
polvo	42.372470	4.627084	5	1.700000	
prima	20.362650	4.308834	5	1.250000	
barra	17.379587	4.240039	5	1.000000	
cueva	16.635982	4.221048	5	1.500000	
carro	37.290454	4.571598	5	1.000000	
pollo	40.684229	4.609426	5	1.200000	
rueda	18.708995	4.272050	5	1.500000	
jaula	15.955066	4.202899	5	1.700000	
barba	16.538709	4.218502	5	1.100000	
truco	36.959723	4.567729	5	1.600000	
primo	41.127365	4.614131	5	1.500000	
queso	36.613861	4.563646	5	1.350000	
viuda	15.831852	4.199532	5	1.700000	
oreja	15.667568	4.195002	5	1.750000	
tarta	14.854791	4.171867	5	1.250000	
motor	33.246025	4.521740	5	1.750000	
disco	33.246025	4.521740	5	1.450000	
ritmo	29.925746	4.476045	5	1.750000	
plaza	21.620725	4.334870	5	1.500000	
presa	14.800750	4.170284	5	1.250000	
selva	14.167389	4.151290	5	1.550000	
salón	33.096872	4.519787	5	1.250000	
actor	29.674996	4.472391	5	1.650000	
bolso	28.576883	4.456015	5	1.650000	
pluma	13.765324	4.138786	5	1.750000	
fruta	14.007428	4.146358	5	1.500000	
mafia	15.237401	4.182911	5	1.550000	
reino	35.169885	4.546171	5	1.350000	
plato	26.936198	4.430336	5	1.100000	
grado	27.106967	4.433081	5	1.100000	
tabla	12.881214	4.109957	5	1.550000	
cabra	13.021720	4.114668	5	1.000000	
aguja	12.340803	4.091343	5	1.700000	
piano	24.878316	4.395821	5	1.600000	
patio	23.609433	4.373086	5	1.350000	
grasa	12.366743	4.092255	5	1.150000	
feria	11.930092	4.076644	5	1.450000	
manta	9.924090	3.996691	5	1.000000	
botón	22.805303	4.358036	5	1.500000	
rumbo	23.665636	4.374118	5	1.450000	
